lr0: 0.00827
lrf: 0.19328
momentum: 0.94317
weight_decay: 0.00061
warmup_epochs: 3.0317
warmup_momentum: 0.83885
warmup_bias_lr: 0.11889
box: 0.04805
cls: 0.49215
cls_pw: 1.0519
obj: 1.0713
obj_pw: 0.95721
iou_t: 0.2
anchor_t: 3.9343
fl_gamma: 0.0
hsv_h: 0.01383
hsv_s: 0.7
hsv_v: 0.35433
degrees: 0.0
translate: 0.11261
scale: 0.48179
shear: 0.0
perspective: 0.0
flipud: 0.0
fliplr: 0.5
mosaic: 0.94363
mixup: 0.0
copy_paste: 0.0
anchors: 3.163
